2 0 0
5 0 0
24 0 0
34 0 0
41 0 0
45 0 0
58 0 0
62 0 0
64 0 0
67 0 0
69 0 0
78 0 0

7 3 1951
68 2 393
93 2 541
38 2 1165
82 2 1402
96 1 79
5 1 104
74 1 205
72 1 226
30 1 240
36 1 267
65 1 272
49 1 305
85 1 371
77 1 407
42 1 444
87 1 515
94 1 610
19 1 632
22 1 658
37 1 704
63 1 749
51 1 792
40 1 862
55 1 898
39 1 919
79 1 927
20 1 972
1 0 0
2 0 0
3 0 0
4 0 0
6 0 0
8 0 0
11 0 0
12 0 0
13 0 0
15 0 0
17 0 0
21 0 0
23 0 0
24 0 0
25 0 0
29 0 0
31 0 0
32 0 0
34 0 0
35 0 0
46 0 0
48 0 0
52 0 0
53 0 0
56 0 0
59 0 0
60 0 0
67 0 0
73 0 0
75 0 0
88 0 0
89 0 0
91 0 0
97 0 0
98 0 0
99 0 0
100 0 0
9 0 0
10 0 0
14 0 0
18 0 0
28 0 0
41 0 0
43 0 0
47 0 0
50 0 0
54 0 0
57 0 0
58 0 0
62 0 0
69 0 0
70 0 0
71 0 0
78 0 0
83 0 0
84 0 0
92 0 0
95 0 0
16 0 0
27 0 0
45 0 0

95 3 1457
91 3 2169
6 3 2338
68 2 331
62 2 458
35 2 1055
40 2 1115
36 2 1341
18 2 1376
21 2 1402
87 2 1452
85 2 1526
10 2 1588
65 2 1692
89 2 2178
42 1 7
70 1 25
37 1 115
54 1 124
19 1 155
100 1 186
23 1 207
74 1 215
71 1 274
2 1 284
60 1 293
55 1 331
32 1 381
47 1 429
53 1 484
88 1 494
98 1 503
63 1 551
31 1 567
97 1 583
49 1 598
8 1 610
22 1 618
59 1 654
30 1 685
4 1 744
24 1 800
99 1 855
46 1 862
79 1 866
90 1 919
86 1 921
7 1 931
39 1 960
48 1 1017
81 1 1017
83 1 1068
75 1 1124
93 1 1143
73 1 1177
1 0 0
11 0 0
12 0 0
16 0 0
29 0 0
34 0 0
38 0 0
43 0 0
44 0 0
45 0 0
52 0 0
56 0 0
57 0 0
67 0 0
69 0 0
72 0 0
77 0 0
78 0 0
80 0 0
82 0 0
84 0 0
3 0 0
9 0 0
14 0 0
20 0 0
27 0 0
28 0 0
41 0 0
50 0 0
51 0 0
76 0 0
92 0 0
94 0 0
96 0 0
5 0 0
13 0 0
15 0 0
25 0 0
58 0 0
17 0 0

22 2 546
13 2 784
68 1 8
35 1 11
1 1 17
25 1 28
46 1 51
62 1 78
19 1 141
39 1 171
82 1 221
34 1 230
48 1 233
96 1 265
6 1 267
43 1 279
59 1 326
72 1 327
30 1 417
12 1 467
16 1 469
92 1 501
36 1 504
56 1 566
8 1 610
2 0 0
3 0 0
4 0 0
7 0 0
17 0 0
23 0 0
24 0 0
28 0 0
31 0 0
32 0 0
38 0 0
40 0 0
41 0 0
42 0 0
45 0 0
49 0 0
58 0 0
60 0 0
63 0 0
65 0 0
67 0 0
69 0 0
70 0 0
71 0 0
73 0 0
75 0 0
79 0 0
83 0 0
84 0 0
85 0 0
87 0 0
88 0 0
89 0 0
94 0 0
95 0 0
98 0 0
100 0 0
5 0 0
9 0 0
27 0 0
47 0 0
51 0 0
53 0 0
54 0 0
57 0 0
74 0 0
77 0 0
78 0 0
91 0 0
93 0 0
37 0 0
55 0 0

